3306
3622
1266
1641
796
3630
1972
1489
2291
3660
1166
3065
4320
2014
1068
2758
3141
231
1667
2418
3243
245
1373
4535
4492
3309
3319
4082
1498
1511
4582
1081
2786
3539
4773
1203
2191
4651
2637
636
3835
935
2729
2839
949
761
1823
2088
4361
421
2238
4235
1296
3774
2240
415
3936
3092
3731
4819
216
23
654
48
1684
4552
2502
1645
4374
3244
2206
3475
2877
742
4014
2144
3533
4028
560
4014
877
3620
1114
4974
1338
118
4793
1146
1025
3482
1296
4353
1657
1224
3130
4885
1942
696
4806
3001
3254
3953
4370
4900
1672
3653
2123
4937
335
1556
2080
1555
3357
4586
2152
2281
1532
4004
1897
2523
176
4813
4555
3120
563
4254
4369
1831
3568
1458
1773
1917
3312
1828
1904
247
2244
4629
4568
4660
29
3903
4887
4920
3299
562
129
3672
4909
3540
1117
4029
2155
245
2789
3942
4224
1565
590
2018
3571
355
902
1033
2604
3785
2614
1680
925
2292
2203
2965
116
3334
2741
4747
4353
250
289
3330
2378
3988
931
4103
2169
1613
322
3263
1331
210
2620
3903
3941
3828
1087
2201
2540
1311
3834
1992
1556
2136
1545
4662
4110
2872
1408
428
1356
472
4202
1300
2717
4303
1411
1196
2893
2749
1539
415
2213
4367
379
1584
4215
3001
1162
936
1753
2449
4968
2289
3654
1222
374
3563
3638
4287
3690
2218
535
2705
982
1227
3127
1381
3885
3971
4024
1253
3861
4049
1096
1026
3417
4899
4038
1391
360
3710
2083
1289
188
745
1450
3985
3740
4598
3981
536
4892
3488
3598
57
2249
3256
4541
1711
1603
1703
1044
2291
1026
4603
3009
2382
512
4095
1304
4185
1971
4437
3211
2920
2305
3379
2060
44
3347
1559
4029
4931
4486
2772
116
1590
1921
2542
3379
3147
4506
4118
751
607
2050
4354
4218
3054
2766
4326
3311
2680
379
2459
3474
4417
188
2678
3439
1455
4908
749
570
3888
349
1251
3891
4067
515
2360
514
1402
2212
4880
4704
4130
747
3530
755
148
2305
3344
1933
1686
297
1104
1239
2077
3974
2360
2271
2529
635
3130
4094
1076
3892
2685
581
3194
2406
4727
4341
1450
886
4987
4641
3044
524
808
977
4847
402
99
3746
475
1594
1414
1409
4733
810
4910
4686
4825
1788
3334
4186
3785
1033
3071
2057
634
4248
2864
3211
1155
543
1918
1733
1827
2100
1713
307
1798
2102
4614
3165
3257
3846
2120
4787
4697
3518
1025
2745
1906
3602
1984
227
3676
2696
4257
2523
32
3939
4675
674
785
1374
3002
1857
3814
4577
39
855
1980
804
3646
496
2550
875
4433
1280
4634
4360
4820
306
2627
4345
1203
4811
1923
304
4510
4419
298
628
2563
1810
3592
1241
3121
1081
3904
1951
3782
2588
2453
3694
4150
2309
893
3058
511
4331
101
2725
1074
4793
392
3008
1361
4981
3790
4293
1813
3090
3705
90
3515
1094
3080
4914
793
4631
3665
4014
2522
917
960
1613
4536
3581
4228
83
1740
870
120
4355
4332
2761
3097
855
2908
1055
4873
388
3810
4242
3900
4902
3790
2438
2685
2688
203
2771
895
1258
499
261
1164
193
3067
4950
1739
3066
3732
4634
880
2019
2566
75
2458
4548
1940
2568
2286
4137
2755
4131
3584
2292
145
2087
4786
1739
395
2393
4259
3462
4705
2689
4541
2634
2213
3770
1378
2283
4688
3452
2560
1062
4200
2904
2189
858
3996
727
1829
204
1543
1453
1498
2857
3900
1539
4087
4042
930
1885
3281
2426
3210
4188
2780
4999
3693
76
394
2801
4857
3932
493
1768
2720
872
4575
842
4215
483
1031
2288
3593
1071
4633
4574
1276
4308
2869
1811
2753
3505
4490
726
2518
730
731
4408
4187
199
2675
2143
2201
2273
3402
4557
1999
4962
3771
3357
2638
402
682
4007
3471
2681
3992
2917
4796
2080
3904
1710
3114
4260
1792
330
3702
1682
3622
4859
1836
3763
1698
4719
260
4344
4378
1865
261
1567
3174
393
2284
117
1524
3034
3708
946
4474
1721
382
1939
3815
3262
743
4469
3250
1505
1038
4485
1630
3085
4041
3010
2417
1168
3187
3399
3708
4344
3069
1742
1012
2164
316
2548
54
2754
3787
4881
4504
4688
1293
3652
429
67
3286
875
4591
1206
4730
4564
2435
4744
2301
4955
937
976
1733
3188
4147
1805
3823
1143
2021
4503
2735
283
2250
1772
3568
3082
476
3532
2528
4205
4582
692
4858
2427
70
4964
763
586
177
2282
2433
4492
4966
2829
4297
3296
119
3442
3898
1812
2535
661
3915
1994
1542
505
2604
1513
1226
2711
1528
138
2349
3251
2125
4350
3695
4474
1915
1156
4055
4303
3712
2520
2101
413
3506
1035
1994
3398
2809
3052
2555
1853
2996
2044
1352
2079
1246
4783
225
3795
2185
3338
3151
1646
187
249
4883
915
2742
3935
426
2948
3138
154
4796
2329
3336
4618
3454
1837
60
934
3448
1868
4215
1270
747
2075
1877
1694
3735
4994
4715
1420
1112
1010
1582
4838
3150
1632
125
3761
3694
3166
1318
307
1140
4216
2619
68
4849
4339
2384
3590
1535
3081
2836
4548
217
970
3900
3234
1981
2412
1581
1687
3835
799
2270
1496
3006
1913
108
3296
1102
4014
994
3833
1254
2600
2684
3859
117
2016
3496
1634
4297
2348
3406
850
560
1993
379
2256
1138
1649
4138
4713
4595
4976
4611
2509
2768
4325
1034
262
4128
4470
2097
2866
4831
3253
3128
78
441
1383
250
62
831
1790
3063
3142
2292
3124
4156
1913
4394
993
3120
2179
1381
4834
1503
4405
138
1258
4385
1221
1015
3766
1787
3828
3137
4868
4822
3226
155
3805
3777
3634
1313
698
4662
2512
1694
2356
4235
1207
1122
686
3553
2253
1081
4141
1023
2408
3726
1475
1642
1635
2695
599
4233
4775
583
1111
1768
4284
2616
1053
2546
